fig1:
a = [[ -2.60473302   0.1147042    0.47060602   0.51020773  -3.66752722
    0.12652894   0.94981423  -7.47852577]
 [ -6.12705402  -0.72435916   0.75252719   1.06678647  -3.03971904
    1.0120959    1.0525749   -8.48144553]
 [ -6.91021094  -3.0803072    0.59274561   0.1584079   -8.11354165
    0.60991845   1.0223574  -15.49281239]
 [  5.92937591   4.82490434   0.72635375   0.96330973  11.6336025
    0.72024127   0.19491395  15.71270362]
 [  6.27806313   2.67030899   1.01029896   0.16509559  11.53768706
    1.04419161   0.70608544  18.13397735]]

b = [[ 1.68030024 -0.75089272 -2.12608816]
 [ 0.33953886 -3.47361254  3.73479702]
 [-9.11525891 12.01630623  2.2167978 ]
 [ 1.16823164 -1.57806608 -2.22270179]
 [ 1.13218963 -1.34477365 -2.16869825]
 [-2.70880164 -1.61594126  5.03466702]
 [ 0.74839395 -0.83356155 -2.79149765]
 [ 0.86715082 -1.06156826 -2.82782757]
 [ 0.45861492 -8.37813865  8.42711647]]

fig2:
a = [[  6.21571827 -25.31976489  -0.25188596  -5.33278191  -2.94828873
    8.62347013   0.19342909 -11.24937807]
 [ 11.85630665 -17.9251397   -0.97633627 -12.35450673  -8.10149318
   16.15451675   0.85809223 -12.57681493]
 [  8.23307282 -35.78831018  -2.37644745  -6.9693375   -3.08574053
   12.73787792   0.1617128  -14.29465829]
 [-12.45582835  38.26823958   4.26633275  11.51017713   6.54652619
  -18.11400672   1.44826364  17.48363768]
 [-11.08578157  33.69769247   2.81056753  10.25906162   6.28639192
  -14.33686384   0.70670161  20.39152448]]

b = [[  0.75794325  -5.1857143   -0.94617329]
 [  1.57605026   2.5278957   -4.02686928]
 [ -0.50567203  -6.79875263   6.81317279]
 [-10.65757643  10.4424571    6.69347946]
 [  0.18037206  -4.38291659   4.27687321]
 [  0.10773089  -3.01965802   3.53344622]
 [  1.44074716   2.08389428  -5.29839519]
 [  1.4768542   -5.26167372  -1.04408335]
 [ -0.02066412  -3.87269575   3.87574487]]
